gamma
   21.0781   14.4022
   14.4022   25.2023
Overlap Matrix 
   1.0000   0.4535  -0.3516        0        0
   0.4535   1.0000        0        0        0
  -0.3516        0   1.0000        0        0
        0        0        0   1.0000        0
        0        0        0        0   1.0000
Core Hamiltonian Matrix 
  -1.1853e+02  -1.0883e+01   8.4379e+00            0            0
  -1.0883e+01  -2.1049e+02            0            0            0
   8.4379e+00            0  -1.8930e+02            0            0
            0            0            0  -1.8930e+02            0
            0            0            0            0  -1.8930e+02
Iteration: 0
Fock Matrix for Alpha: 
  -1.1853e+02  -1.0883e+01   8.4379e+00            0            0
  -1.0883e+01  -2.1049e+02            0            0            0
   8.4379e+00            0  -1.8930e+02            0            0
            0            0            0  -1.8930e+02            0
            0            0            0            0  -1.8930e+02
Fock Matrix for Beta: 
  -1.1853e+02  -1.0883e+01   8.4379e+00            0            0
  -1.0883e+01  -2.1049e+02            0            0            0
   8.4379e+00            0  -1.8930e+02            0            0
            0            0            0  -1.8930e+02            0
            0            0            0            0  -1.8930e+02
after solving eigen quation: 0
MO Coefficient Matrix for Alpha: 
  -0.1198  -0.1080        0        0  -0.9869
  -0.9918   0.0580        0        0   0.1140
   0.0449   0.9925        0        0  -0.1141
        0        0   1.0000        0        0
        0        0        0   1.0000        0
MO Coefficient Matrix for Beta: 
  -0.1198  -0.1080        0        0  -0.9869
  -0.9918   0.0580        0        0   0.1140
   0.0449   0.9925        0        0  -0.1141
        0        0   1.0000        0        0
        0        0        0   1.0000        0
p: 4 q: 4
Density Matrix for Alpha: 
   0.0260   0.1125  -0.1126        0        0
   0.1125   0.9870   0.0130        0        0
  -0.1126   0.0130   0.9870        0        0
        0        0        0   1.0000        0
        0        0        0        0   1.0000
Density Matrix for Beta: 
   0.0260   0.1125  -0.1126        0        0
   0.1125   0.9870   0.0130        0        0
  -0.1126   0.0130   0.9870        0        0
        0        0        0   1.0000        0
        0        0        0        0   1.0000
Total Density Matrix: 
   0.0520   0.2251  -0.2252        0        0
   0.2251   1.9740   0.0260        0        0
  -0.2252   0.0260   1.9740        0        0
        0        0        0   2.0000        0
        0        0        0        0   2.0000
Total Density Vector
   0.0520
   7.9480
Iteration: 1
Fock Matrix for Alpha: 
   -3.5139  -12.5038   10.0593         0         0
  -12.5038  -34.3073   -0.3278         0         0
   10.0593   -0.3278  -13.1150         0         0
         0         0         0  -13.4430         0
         0         0         0         0  -13.4430
Fock Matrix for Beta: 
   -3.5139  -12.5038   10.0593         0         0
  -12.5038  -34.3073   -0.3278         0         0
   10.0593   -0.3278  -13.1150         0         0
         0         0         0  -13.4430         0
         0         0         0         0  -13.4430
after solving eigen quation: 1
MO Coefficient Matrix for Alpha: 
  -0.3604  -0.3865        0        0  -0.8490
  -0.9240   0.2725        0        0   0.2682
   0.1277   0.8811        0        0  -0.4554
        0        0   1.0000        0        0
        0        0        0   1.0000        0
MO Coefficient Matrix for Beta: 
  -0.3604  -0.3865        0        0  -0.8490
  -0.9240   0.2725        0        0   0.2682
   0.1277   0.8811        0        0  -0.4554
        0        0   1.0000        0        0
        0        0        0   1.0000        0
p: 4 q: 4
Density Matrix for Alpha: 
   0.2793   0.2277  -0.3866        0        0
   0.2277   0.9281   0.1221        0        0
  -0.3866   0.1221   0.7926        0        0
        0        0        0   1.0000        0
        0        0        0        0   1.0000
Density Matrix for Beta: 
   0.2793   0.2277  -0.3866        0        0
   0.2277   0.9281   0.1221        0        0
  -0.3866   0.1221   0.7926        0        0
        0        0        0   1.0000        0
        0        0        0        0   1.0000
Total Density Matrix: 
   0.5586   0.4553  -0.7732        0        0
   0.4553   1.8562   0.2442        0        0
  -0.7732   0.2442   1.5853        0        0
        0        0        0   2.0000        0
        0        0        0        0   2.0000
Total Density Vector
   0.5586
   7.4414
Iteration: 2
Fock Matrix for Alpha: 
   -5.4707  -14.1620   14.0056         0         0
  -14.1620  -38.2930   -3.0777         0         0
   14.0056   -3.0777  -13.6876         0         0
         0         0         0  -18.9136         0
         0         0         0         0  -18.9136
Fock Matrix for Beta: 
   -5.4707  -14.1620   14.0056         0         0
  -14.1620  -38.2930   -3.0777         0         0
   14.0056   -3.0777  -13.6876         0         0
         0         0         0  -18.9136         0
         0         0         0         0  -18.9136
after solving eigen quation: 2
MO Coefficient Matrix for Alpha: 
  -0.3713  -0.4736        0        0  -0.7986
  -0.9252   0.2613        0        0   0.2752
   0.0783   0.8411        0        0  -0.5352
        0        0   1.0000        0        0
        0        0        0   1.0000        0
MO Coefficient Matrix for Beta: 
  -0.3713  -0.4736        0        0  -0.7986
  -0.9252   0.2613        0        0   0.2752
   0.0783   0.8411        0        0  -0.5352
        0        0   1.0000        0        0
        0        0        0   1.0000        0
p: 4 q: 4
Density Matrix for Alpha: 
   0.3622   0.2198  -0.4274        0        0
   0.2198   0.9243   0.1473        0        0
  -0.4274   0.1473   0.7136        0        0
        0        0        0   1.0000        0
        0        0        0        0   1.0000
Density Matrix for Beta: 
   0.3622   0.2198  -0.4274        0        0
   0.2198   0.9243   0.1473        0        0
  -0.4274   0.1473   0.7136        0        0
        0        0        0   1.0000        0
        0        0        0        0   1.0000
Total Density Matrix: 
   0.7243   0.4395  -0.8549        0        0
   0.4395   1.8486   0.2946        0        0
  -0.8549   0.2946   1.4271        0        0
        0        0        0   2.0000        0
        0        0        0        0   2.0000
Total Density Vector
   0.7243
   7.2757
Iteration: 3
Fock Matrix for Alpha: 
   -6.1110  -14.0482   14.5939         0         0
  -14.0482  -39.9874   -3.7117         0         0
   14.5939   -3.7117  -13.4849         0         0
         0         0         0  -20.7038         0
         0         0         0         0  -20.7038
Fock Matrix for Beta: 
   -6.1110  -14.0482   14.5939         0         0
  -14.0482  -39.9874   -3.7117         0         0
   14.5939   -3.7117  -13.4849         0         0
         0         0         0  -20.7038         0
         0         0         0         0  -20.7038
after solving eigen quation: 3
MO Coefficient Matrix for Alpha: 
  -0.3563  -0.5036        0        0  -0.7870
  -0.9328   0.2412        0        0   0.2679
   0.0549   0.8296        0        0  -0.5557
        0        0   1.0000        0        0
        0        0        0   1.0000        0
MO Coefficient Matrix for Beta: 
  -0.3563  -0.5036        0        0  -0.7870
  -0.9328   0.2412        0        0   0.2679
   0.0549   0.8296        0        0  -0.5557
        0        0   1.0000        0        0
        0        0        0   1.0000        0
p: 4 q: 4
Density Matrix for Alpha: 
   0.3806   0.2109  -0.4373        0        0
   0.2109   0.9282   0.1489        0        0
  -0.4373   0.1489   0.6912        0        0
        0        0        0   1.0000        0
        0        0        0        0   1.0000
Density Matrix for Beta: 
   0.3806   0.2109  -0.4373        0        0
   0.2109   0.9282   0.1489        0        0
  -0.4373   0.1489   0.6912        0        0
        0        0        0   1.0000        0
        0        0        0        0   1.0000
Total Density Matrix: 
   0.7611   0.4218  -0.8747        0        0
   0.4218   1.8564   0.2978        0        0
  -0.8747   0.2978   1.3825        0        0
        0        0        0   2.0000        0
        0        0        0        0   2.0000
Total Density Vector
   0.7611
   7.2389
Iteration: 4
Fock Matrix for Alpha: 
   -6.2532  -13.9202   14.7365         0         0
  -13.9202  -40.4840   -3.7523         0         0
   14.7365   -3.7523  -13.3195         0         0
         0         0         0  -21.1013         0
         0         0         0         0  -21.1013
Fock Matrix for Beta: 
   -6.2532  -13.9202   14.7365         0         0
  -13.9202  -40.4840   -3.7523         0         0
   14.7365   -3.7523  -13.3195         0         0
         0         0         0  -21.1013         0
         0         0         0         0  -21.1013
after solving eigen quation: 4
MO Coefficient Matrix for Alpha: 
  -0.3510  -0.5120        0        0  -0.7840
  -0.9349   0.2379        0        0   0.2632
   0.0517   0.8254        0        0  -0.5622
        0        0   1.0000        0        0
        0        0        0   1.0000        0
MO Coefficient Matrix for Beta: 
  -0.3510  -0.5120        0        0  -0.7840
  -0.9349   0.2379        0        0   0.2632
   0.0517   0.8254        0        0  -0.5622
        0        0   1.0000        0        0
        0        0        0   1.0000        0
p: 4 q: 4
Density Matrix for Alpha: 
   0.3854   0.2064  -0.4408        0        0
   0.2064   0.9307   0.1480        0        0
  -0.4408   0.1480   0.6839        0        0
        0        0        0   1.0000        0
        0        0        0        0   1.0000
Density Matrix for Beta: 
   0.3854   0.2064  -0.4408        0        0
   0.2064   0.9307   0.1480        0        0
  -0.4408   0.1480   0.6839        0        0
        0        0        0   1.0000        0
        0        0        0        0   1.0000
Total Density Matrix: 
   0.7707   0.4128  -0.8815        0        0
   0.4128   1.8614   0.2960        0        0
  -0.8815   0.2960   1.3679        0        0
        0        0        0   2.0000        0
        0        0        0        0   2.0000
Total Density Vector
   0.7707
   7.2293
Iteration: 5
Fock Matrix for Alpha: 
   -6.2902  -13.8553   14.7857         0         0
  -13.8553  -40.6504   -3.7297         0         0
   14.7857   -3.7297  -13.2393         0         0
         0         0         0  -21.2047         0
         0         0         0         0  -21.2047
Fock Matrix for Beta: 
   -6.2902  -13.8553   14.7857         0         0
  -13.8553  -40.6504   -3.7297         0         0
   14.7857   -3.7297  -13.2393         0         0
         0         0         0  -21.2047         0
         0         0         0         0  -21.2047
after solving eigen quation: 5
MO Coefficient Matrix for Alpha: 
  -0.3491  -0.5148        0        0  -0.7830
  -0.9357   0.2375        0        0   0.2610
   0.0516   0.8237        0        0  -0.5646
        0        0   1.0000        0        0
        0        0        0   1.0000        0
MO Coefficient Matrix for Beta: 
  -0.3491  -0.5148        0        0  -0.7830
  -0.9357   0.2375        0        0   0.2610
   0.0516   0.8237        0        0  -0.5646
        0        0   1.0000        0        0
        0        0        0   1.0000        0
p: 4 q: 4
Density Matrix for Alpha: 
   0.3869   0.2043  -0.4421        0        0
   0.2043   0.9319   0.1473        0        0
  -0.4421   0.1473   0.6812        0        0
        0        0        0   1.0000        0
        0        0        0        0   1.0000
Density Matrix for Beta: 
   0.3869   0.2043  -0.4421        0        0
   0.2043   0.9319   0.1473        0        0
  -0.4421   0.1473   0.6812        0        0
        0        0        0   1.0000        0
        0        0        0        0   1.0000
Total Density Matrix: 
   0.7738   0.4087  -0.8842        0        0
   0.4087   1.8638   0.2947        0        0
  -0.8842   0.2947   1.3624        0        0
        0        0        0   2.0000        0
        0        0        0        0   2.0000
Total Density Vector
   0.7738
   7.2262
Iteration: 6
Fock Matrix for Alpha: 
   -6.3021  -13.8260   14.8051         0         0
  -13.8260  -40.7136   -3.7135         0         0
   14.8051   -3.7135  -13.2039         0         0
         0         0         0  -21.2381         0
         0         0         0         0  -21.2381
Fock Matrix for Beta: 
   -6.3021  -13.8260   14.8051         0         0
  -13.8260  -40.7136   -3.7135         0         0
   14.8051   -3.7135  -13.2039         0         0
         0         0         0  -21.2381         0
         0         0         0         0  -21.2381
after solving eigen quation: 6
MO Coefficient Matrix for Alpha: 
  -0.3483  -0.5159        0        0  -0.7826
  -0.9359   0.2376        0        0   0.2600
   0.0518   0.8231        0        0  -0.5656
        0        0   1.0000        0        0
        0        0        0   1.0000        0
MO Coefficient Matrix for Beta: 
  -0.3483  -0.5159        0        0  -0.7826
  -0.9359   0.2376        0        0   0.2600
   0.0518   0.8231        0        0  -0.5656
        0        0   1.0000        0        0
        0        0        0   1.0000        0
p: 4 q: 4
Density Matrix for Alpha: 
   0.3875   0.2035  -0.4427        0        0
   0.2035   0.9324   0.1470        0        0
  -0.4427   0.1470   0.6801        0        0
        0        0        0   1.0000        0
        0        0        0        0   1.0000
Density Matrix for Beta: 
   0.3875   0.2035  -0.4427        0        0
   0.2035   0.9324   0.1470        0        0
  -0.4427   0.1470   0.6801        0        0
        0        0        0   1.0000        0
        0        0        0        0   1.0000
Total Density Matrix: 
   0.7750   0.4069  -0.8853        0        0
   0.4069   1.8648   0.2941        0        0
  -0.8853   0.2941   1.3602        0        0
        0        0        0   2.0000        0
        0        0        0        0   2.0000
Total Density Vector
   0.7750
   7.2250
Iteration: 7
Fock Matrix for Alpha: 
   -6.3066  -13.8133   14.8131         0         0
  -13.8133  -40.7394   -3.7056         0         0
   14.8131   -3.7056  -13.1885         0         0
         0         0         0  -21.2506         0
         0         0         0         0  -21.2506
Fock Matrix for Beta: 
   -6.3066  -13.8133   14.8131         0         0
  -13.8133  -40.7394   -3.7056         0         0
   14.8131   -3.7056  -13.1885         0         0
         0         0         0  -21.2506         0
         0         0         0         0  -21.2506
after solving eigen quation: 7
MO Coefficient Matrix for Alpha: 
  -0.3480  -0.5163        0        0  -0.7825
  -0.9360   0.2376        0        0   0.2595
   0.0519   0.8228        0        0  -0.5660
        0        0   1.0000        0        0
        0        0        0   1.0000        0
MO Coefficient Matrix for Beta: 
  -0.3480  -0.5163        0        0  -0.7825
  -0.9360   0.2376        0        0   0.2595
   0.0519   0.8228        0        0  -0.5660
        0        0   1.0000        0        0
        0        0        0   1.0000        0
p: 4 q: 4
Density Matrix for Alpha: 
   0.3877   0.2031  -0.4429        0        0
   0.2031   0.9326   0.1469        0        0
  -0.4429   0.1469   0.6796        0        0
        0        0        0   1.0000        0
        0        0        0        0   1.0000
Density Matrix for Beta: 
   0.3877   0.2031  -0.4429        0        0
   0.2031   0.9326   0.1469        0        0
  -0.4429   0.1469   0.6796        0        0
        0        0        0   1.0000        0
        0        0        0        0   1.0000
Total Density Matrix: 
   0.7754   0.4062  -0.8858        0        0
   0.4062   1.8653   0.2938        0        0
  -0.8858   0.2938   1.3593        0        0
        0        0        0   2.0000        0
        0        0        0        0   2.0000
Total Density Vector
   0.7754
   7.2246
Iteration: 8
Fock Matrix for Alpha: 
   -6.3084  -13.8078   14.8164         0         0
  -13.8078  -40.7501   -3.7020         0         0
   14.8164   -3.7020  -13.1820         0         0
         0         0         0  -21.2556         0
         0         0         0         0  -21.2556
Fock Matrix for Beta: 
   -6.3084  -13.8078   14.8164         0         0
  -13.8078  -40.7501   -3.7020         0         0
   14.8164   -3.7020  -13.1820         0         0
         0         0         0  -21.2556         0
         0         0         0         0  -21.2556
after solving eigen quation: 8
MO Coefficient Matrix for Alpha: 
  -0.3479  -0.5165        0        0  -0.7824
  -0.9361   0.2376        0        0   0.2593
   0.0520   0.8226        0        0  -0.5662
        0        0   1.0000        0        0
        0        0        0   1.0000        0
MO Coefficient Matrix for Beta: 
  -0.3479  -0.5165        0        0  -0.7824
  -0.9361   0.2376        0        0   0.2593
   0.0520   0.8226        0        0  -0.5662
        0        0   1.0000        0        0
        0        0        0   1.0000        0
p: 4 q: 4
Density Matrix for Alpha: 
   0.3878   0.2029  -0.4430        0        0
   0.2029   0.9327   0.1468        0        0
  -0.4430   0.1468   0.6795        0        0
        0        0        0   1.0000        0
        0        0        0        0   1.0000
Density Matrix for Beta: 
   0.3878   0.2029  -0.4430        0        0
   0.2029   0.9327   0.1468        0        0
  -0.4430   0.1468   0.6795        0        0
        0        0        0   1.0000        0
        0        0        0        0   1.0000
Total Density Matrix: 
   0.7756   0.4058  -0.8860        0        0
   0.4058   1.8655   0.2937        0        0
  -0.8860   0.2937   1.3589        0        0
        0        0        0   2.0000        0
        0        0        0        0   2.0000
Total Density Vector
   0.7756
   7.2244
Iteration: 9
Fock Matrix for Alpha: 
   -6.3092  -13.8055   14.8179         0         0
  -13.8055  -40.7547   -3.7005         0         0
   14.8179   -3.7005  -13.1792         0         0
         0         0         0  -21.2578         0
         0         0         0         0  -21.2578
Fock Matrix for Beta: 
   -6.3092  -13.8055   14.8179         0         0
  -13.8055  -40.7547   -3.7005         0         0
   14.8179   -3.7005  -13.1792         0         0
         0         0         0  -21.2578         0
         0         0         0         0  -21.2578
after solving eigen quation: 9
MO Coefficient Matrix for Alpha: 
  -0.3478  -0.5166        0        0  -0.7824
  -0.9361   0.2376        0        0   0.2593
   0.0520   0.8226        0        0  -0.5662
        0        0   1.0000        0        0
        0        0        0   1.0000        0
MO Coefficient Matrix for Beta: 
  -0.3478  -0.5166        0        0  -0.7824
  -0.9361   0.2376        0        0   0.2593
   0.0520   0.8226        0        0  -0.5662
        0        0   1.0000        0        0
        0        0        0   1.0000        0
p: 4 q: 4
Density Matrix for Alpha: 
   0.3878   0.2028  -0.4430        0        0
   0.2028   0.9328   0.1468        0        0
  -0.4430   0.1468   0.6794        0        0
        0        0        0   1.0000        0
        0        0        0        0   1.0000
Density Matrix for Beta: 
   0.3878   0.2028  -0.4430        0        0
   0.2028   0.9328   0.1468        0        0
  -0.4430   0.1468   0.6794        0        0
        0        0        0   1.0000        0
        0        0        0        0   1.0000
Total Density Matrix: 
   0.7757   0.4057  -0.8861        0        0
   0.4057   1.8656   0.2936        0        0
  -0.8861   0.2936   1.3587        0        0
        0        0        0   2.0000        0
        0        0        0        0   2.0000
Total Density Vector
   0.7757
   7.2243
Iteration: 10
Fock Matrix for Alpha: 
   -6.3095  -13.8045   14.8185         0         0
  -13.8045  -40.7566   -3.6998         0         0
   14.8185   -3.6998  -13.1780         0         0
         0         0         0  -21.2586         0
         0         0         0         0  -21.2586
Fock Matrix for Beta: 
   -6.3095  -13.8045   14.8185         0         0
  -13.8045  -40.7566   -3.6998         0         0
   14.8185   -3.6998  -13.1780         0         0
         0         0         0  -21.2586         0
         0         0         0         0  -21.2586
after solving eigen quation: 10
MO Coefficient Matrix for Alpha: 
  -0.3478  -0.5166        0        0  -0.7824
  -0.9361   0.2376        0        0   0.2592
   0.0520   0.8226        0        0  -0.5663
        0        0   1.0000        0        0
        0        0        0   1.0000        0
MO Coefficient Matrix for Beta: 
  -0.3478  -0.5166        0        0  -0.7824
  -0.9361   0.2376        0        0   0.2592
   0.0520   0.8226        0        0  -0.5663
        0        0   1.0000        0        0
        0        0        0   1.0000        0
p: 4 q: 4
Density Matrix for Alpha: 
   0.3879   0.2028  -0.4430        0        0
   0.2028   0.9328   0.1468        0        0
  -0.4430   0.1468   0.6793        0        0
        0        0        0   1.0000        0
        0        0        0        0   1.0000
Density Matrix for Beta: 
   0.3879   0.2028  -0.4430        0        0
   0.2028   0.9328   0.1468        0        0
  -0.4430   0.1468   0.6793        0        0
        0        0        0   1.0000        0
        0        0        0        0   1.0000
Total Density Matrix: 
   0.7757   0.4056  -0.8861        0        0
   0.4056   1.8656   0.2936        0        0
  -0.8861   0.2936   1.3587        0        0
        0        0        0   2.0000        0
        0        0        0        0   2.0000
Total Density Vector
   0.7757
   7.2243
Iteration: 11
Fock Matrix for Alpha: 
   -6.3096  -13.8040   14.8187         0         0
  -13.8040  -40.7575   -3.6996         0         0
   14.8187   -3.6996  -13.1775         0         0
         0         0         0  -21.2590         0
         0         0         0         0  -21.2590
Fock Matrix for Beta: 
   -6.3096  -13.8040   14.8187         0         0
  -13.8040  -40.7575   -3.6996         0         0
   14.8187   -3.6996  -13.1775         0         0
         0         0         0  -21.2590         0
         0         0         0         0  -21.2590
after solving eigen quation: 11
MO Coefficient Matrix for Alpha: 
  -0.3478  -0.5166        0        0  -0.7824
  -0.9361   0.2377        0        0   0.2592
   0.0520   0.8226        0        0  -0.5663
        0        0   1.0000        0        0
        0        0        0   1.0000        0
MO Coefficient Matrix for Beta: 
  -0.3478  -0.5166        0        0  -0.7824
  -0.9361   0.2377        0        0   0.2592
   0.0520   0.8226        0        0  -0.5663
        0        0   1.0000        0        0
        0        0        0   1.0000        0
p: 4 q: 4
Density Matrix for Alpha: 
   0.3879   0.2028  -0.4431        0        0
   0.2028   0.9328   0.1468        0        0
  -0.4431   0.1468   0.6793        0        0
        0        0        0   1.0000        0
        0        0        0        0   1.0000
Density Matrix for Beta: 
   0.3879   0.2028  -0.4431        0        0
   0.2028   0.9328   0.1468        0        0
  -0.4431   0.1468   0.6793        0        0
        0        0        0   1.0000        0
        0        0        0        0   1.0000
Total Density Matrix: 
   0.7757   0.4056  -0.8861        0        0
   0.4056   1.8656   0.2936        0        0
  -0.8861   0.2936   1.3586        0        0
        0        0        0   2.0000        0
        0        0        0        0   2.0000
Total Density Vector
   0.7757
   7.2243
Iteration: 12
Fock Matrix for Alpha: 
   -6.3097  -13.8039   14.8188         0         0
  -13.8039  -40.7578   -3.6994         0         0
   14.8188   -3.6994  -13.1773         0         0
         0         0         0  -21.2592         0
         0         0         0         0  -21.2592
Fock Matrix for Beta: 
   -6.3097  -13.8039   14.8188         0         0
  -13.8039  -40.7578   -3.6994         0         0
   14.8188   -3.6994  -13.1773         0         0
         0         0         0  -21.2592         0
         0         0         0         0  -21.2592
after solving eigen quation: 12
MO Coefficient Matrix for Alpha: 
  -0.3478  -0.5166        0        0  -0.7824
  -0.9361   0.2377        0        0   0.2592
   0.0520   0.8226        0        0  -0.5663
        0        0   1.0000        0        0
        0        0        0   1.0000        0
MO Coefficient Matrix for Beta: 
  -0.3478  -0.5166        0        0  -0.7824
  -0.9361   0.2377        0        0   0.2592
   0.0520   0.8226        0        0  -0.5663
        0        0   1.0000        0        0
        0        0        0   1.0000        0
p: 4 q: 4
Density Matrix for Alpha: 
   0.3879   0.2028  -0.4431        0        0
   0.2028   0.9328   0.1468        0        0
  -0.4431   0.1468   0.6793        0        0
        0        0        0   1.0000        0
        0        0        0        0   1.0000
Density Matrix for Beta: 
   0.3879   0.2028  -0.4431        0        0
   0.2028   0.9328   0.1468        0        0
  -0.4431   0.1468   0.6793        0        0
        0        0        0   1.0000        0
        0        0        0        0   1.0000
Total Density Matrix: 
   0.7758   0.4056  -0.8861        0        0
   0.4056   1.8656   0.2936        0        0
  -0.8861   0.2936   1.3586        0        0
        0        0        0   2.0000        0
        0        0        0        0   2.0000
Total Density Vector
   0.7758
   7.2242
Iteration: 13
Fock Matrix for Alpha: 
   -6.3097  -13.8038   14.8189         0         0
  -13.8038  -40.7580   -3.6994         0         0
   14.8189   -3.6994  -13.1772         0         0
         0         0         0  -21.2593         0
         0         0         0         0  -21.2593
Fock Matrix for Beta: 
   -6.3097  -13.8038   14.8189         0         0
  -13.8038  -40.7580   -3.6994         0         0
   14.8189   -3.6994  -13.1772         0         0
         0         0         0  -21.2593         0
         0         0         0         0  -21.2593
after solving eigen quation: 13
MO Coefficient Matrix for Alpha: 
  -0.3478  -0.5166        0        0  -0.7824
  -0.9361   0.2377        0        0   0.2592
   0.0520   0.8226        0        0  -0.5663
        0        0   1.0000        0        0
        0        0        0   1.0000        0
MO Coefficient Matrix for Beta: 
  -0.3478  -0.5166        0        0  -0.7824
  -0.9361   0.2377        0        0   0.2592
   0.0520   0.8226        0        0  -0.5663
        0        0   1.0000        0        0
        0        0        0   1.0000        0
p: 4 q: 4
Density Matrix for Alpha: 
   0.3879   0.2028  -0.4431        0        0
   0.2028   0.9328   0.1468        0        0
  -0.4431   0.1468   0.6793        0        0
        0        0        0   1.0000        0
        0        0        0        0   1.0000
Density Matrix for Beta: 
   0.3879   0.2028  -0.4431        0        0
   0.2028   0.9328   0.1468        0        0
  -0.4431   0.1468   0.6793        0        0
        0        0        0   1.0000        0
        0        0        0        0   1.0000
Total Density Matrix: 
   0.7758   0.4056  -0.8861        0        0
   0.4056   1.8656   0.2936        0        0
  -0.8861   0.2936   1.3586        0        0
        0        0        0   2.0000        0
        0        0        0        0   2.0000
Total Density Vector
   0.7758
   7.2242
Iteration: 14
Fock Matrix for Alpha: 
   -6.3097  -13.8038   14.8189         0         0
  -13.8038  -40.7580   -3.6994         0         0
   14.8189   -3.6994  -13.1771         0         0
         0         0         0  -21.2593         0
         0         0         0         0  -21.2593
Fock Matrix for Beta: 
   -6.3097  -13.8038   14.8189         0         0
  -13.8038  -40.7580   -3.6994         0         0
   14.8189   -3.6994  -13.1771         0         0
         0         0         0  -21.2593         0
         0         0         0         0  -21.2593
after solving eigen quation: 14
MO Coefficient Matrix for Alpha: 
  -0.3478  -0.5166        0        0  -0.7824
  -0.9361   0.2377        0        0   0.2592
   0.0520   0.8226        0        0  -0.5663
        0        0   1.0000        0        0
        0        0        0   1.0000        0
MO Coefficient Matrix for Beta: 
  -0.3478  -0.5166        0        0  -0.7824
  -0.9361   0.2377        0        0   0.2592
   0.0520   0.8226        0        0  -0.5663
        0        0   1.0000        0        0
        0        0        0   1.0000        0
p: 4 q: 4
Density Matrix for Alpha: 
   0.3879   0.2028  -0.4431        0        0
   0.2028   0.9328   0.1468        0        0
  -0.4431   0.1468   0.6793        0        0
        0        0        0   1.0000        0
        0        0        0        0   1.0000
Density Matrix for Beta: 
   0.3879   0.2028  -0.4431        0        0
   0.2028   0.9328   0.1468        0        0
  -0.4431   0.1468   0.6793        0        0
        0        0        0   1.0000        0
        0        0        0        0   1.0000
Total Density Matrix: 
   0.7758   0.4056  -0.8861        0        0
   0.4056   1.8656   0.2936        0        0
  -0.8861   0.2936   1.3586        0        0
        0        0        0   2.0000        0
        0        0        0        0   2.0000
Total Density Vector
   0.7758
   7.2242
Iteration: 15
Fock Matrix for Alpha: 
   -6.3097  -13.8037   14.8189         0         0
  -13.8037  -40.7580   -3.6993         0         0
   14.8189   -3.6993  -13.1771         0         0
         0         0         0  -21.2593         0
         0         0         0         0  -21.2593
Fock Matrix for Beta: 
   -6.3097  -13.8037   14.8189         0         0
  -13.8037  -40.7580   -3.6993         0         0
   14.8189   -3.6993  -13.1771         0         0
         0         0         0  -21.2593         0
         0         0         0         0  -21.2593
after solving eigen quation: 15
MO Coefficient Matrix for Alpha: 
  -0.3478  -0.5166        0        0  -0.7824
  -0.9361   0.2377        0        0   0.2592
   0.0520   0.8226        0        0  -0.5663
        0        0   1.0000        0        0
        0        0        0   1.0000        0
MO Coefficient Matrix for Beta: 
  -0.3478  -0.5166        0        0  -0.7824
  -0.9361   0.2377        0        0   0.2592
   0.0520   0.8226        0        0  -0.5663
        0        0   1.0000        0        0
        0        0        0   1.0000        0
p: 4 q: 4
Density Matrix for Alpha: 
   0.3879   0.2028  -0.4431        0        0
   0.2028   0.9328   0.1468        0        0
  -0.4431   0.1468   0.6793        0        0
        0        0        0   1.0000        0
        0        0        0        0   1.0000
Density Matrix for Beta: 
   0.3879   0.2028  -0.4431        0        0
   0.2028   0.9328   0.1468        0        0
  -0.4431   0.1468   0.6793        0        0
        0        0        0   1.0000        0
        0        0        0        0   1.0000
Total Density Matrix: 
   0.7758   0.4056  -0.8861        0        0
   0.4056   1.8656   0.2936        0        0
  -0.8861   0.2936   1.3586        0        0
        0        0        0   2.0000        0
        0        0        0        0   2.0000
Total Density Vector
   0.7758
   7.2242
Converged!
Ea
  -45.6809
  -23.5536
  -21.2593
  -21.2593
    8.9896
Eb
  -45.6809
  -23.5536
  -21.2593
  -21.2593
    8.9896
Ca
  -0.3478  -0.5166        0        0  -0.7824
  -0.9361   0.2377        0        0   0.2592
   0.0520   0.8226        0        0  -0.5663
        0        0   1.0000        0        0
        0        0        0   1.0000        0
Cb
  -0.3478  -0.5166        0        0  -0.7824
  -0.9361   0.2377        0        0   0.2592
   0.0520   0.8226        0        0  -0.5663
        0        0   1.0000        0        0
        0        0        0   1.0000        0
Nuclear Repulsion Energy: 110.744eV
Electron Energy: -873.152eV
Total Energy: -762.408eV
